1 0.968458 0.658594 0.058411 0.035937
0 0.123832 0.653125 0.042056 0.065625
0 0.918224 0.658594 0.051402 0.070312
0 0.884346 0.710938 0.035047 0.081250
0 0.795561 0.663281 0.030374 0.073438
0 0.322430 0.642188 0.042056 0.081250
0 0.219626 0.650781 0.046729 0.076563
0 0.136682 0.647656 0.016355 0.032813
0 0.060748 0.651563 0.028037 0.068750
0 0.038551 0.679688 0.030374 0.078125
0 0.462617 0.705469 0.046729 0.085938
0 0.369159 0.656250 0.032710 0.071875
0 0.261682 0.650781 0.028037 0.070312
0 0.774533 0.756250 0.039720 0.028125
