0 0.296094 0.631148 0.114062 0.414520
0 0.660156 0.605386 0.076563 0.325527
0 0.919531 0.569087 0.051562 0.206089
0 0.562500 0.533958 0.050000 0.154567
0 0.520312 0.551522 0.043750 0.161593
0 0.472656 0.546838 0.042188 0.180328
0 0.854688 0.606557 0.028125 0.107728
0 0.802344 0.681499 0.089063 0.243560
0 0.094531 0.654567 0.079687 0.372365
0 0.190625 0.531616 0.037500 0.192037
0 0.074219 0.488290 0.026562 0.114754
1 0.792188 0.443794 0.021875 0.035129
1 0.206250 0.286885 0.012500 0.077283
0 0.739844 0.676815 0.145313 0.234192
0 0.885938 0.674473 0.081250 0.238876
0 0.195312 0.663934 0.118750 0.236534
0 0.136719 0.610070 0.042188 0.330211
0 0.098437 0.478923 0.053125 0.166276
0 0.032031 0.622951 0.060937 0.435597
