0 0.680147 0.842187 0.150735 0.243750
0 0.404412 0.780469 0.069853 0.164062
0 0.553309 0.758594 0.044118 0.120313
0 0.494485 0.753125 0.047794 0.128125
0 0.941176 0.745313 0.036765 0.143750
1 0.913603 0.385156 0.154412 0.129688
0 0.725184 0.780469 0.056985 0.164062
0 0.442096 0.756250 0.038603 0.115625
0 0.672794 0.714063 0.022059 0.031250
0 0.357537 0.753906 0.049632 0.126562
0 0.306985 0.761719 0.051471 0.114062
0 0.326287 0.759375 0.034926 0.112500
0 0.216912 0.777344 0.051471 0.098437
0 0.421875 0.709375 0.016544 0.028125
