1 0.864844 0.367925 0.173437 0.273585
0 0.488281 0.483491 0.029687 0.141509
0 0.524219 0.525943 0.020313 0.080189
0 0.364844 0.379717 0.035937 0.141509
0 0.392969 0.353774 0.023438 0.066038
0 0.327344 0.391509 0.014063 0.103774
0 0.340625 0.252358 0.031250 0.099057
0 0.057813 0.604953 0.062500 0.167453
0 0.210938 0.246462 0.015625 0.087264
0 0.120313 0.377358 0.025000 0.094340
0 0.150000 0.600236 0.053125 0.063679
0 0.271094 0.372642 0.020313 0.066038
0 0.788281 0.504717 0.029687 0.094340
0 0.057813 0.267689 0.031250 0.087264
0 0.013281 0.192217 0.017188 0.077830
0 0.014063 0.295991 0.025000 0.101415
0 0.371875 0.520047 0.043750 0.148585
0 0.590625 0.488208 0.050000 0.141509
0 0.452344 0.512972 0.032813 0.091981
0 0.524219 0.430425 0.035937 0.082547
0 0.575781 0.102594 0.039062 0.073113
0 0.738281 0.215802 0.023438 0.068396
0 0.982031 0.180425 0.017188 0.054245
0 0.160938 0.376179 0.031250 0.087264
0 0.139063 0.386792 0.021875 0.084906
0 0.342187 0.367925 0.025000 0.094340
