0 0.342187 0.652672 0.090625 0.384224
0 0.413281 0.661578 0.073438 0.346056
0 0.050781 0.694656 0.092188 0.539440
0 0.157812 0.545802 0.040625 0.195929
0 0.407031 0.437659 0.017188 0.081425
0 0.132812 0.596692 0.050000 0.272265
0 0.189062 0.543257 0.034375 0.190840
0 0.081250 0.563613 0.043750 0.211196
0 0.554688 0.478372 0.034375 0.111959
0 0.766406 0.482188 0.023438 0.134860
0 0.819531 0.472010 0.032813 0.134860
0 0.225000 0.491094 0.028125 0.111959
0 0.252344 0.484733 0.023438 0.104326
0 0.532813 0.473282 0.031250 0.127226
0 0.460156 0.456743 0.017188 0.109415
0 0.311719 0.486005 0.032813 0.091603
