0 0.746094 0.775000 0.167187 0.450000
0 0.128125 0.846875 0.090625 0.306250
0 0.817969 0.622917 0.070312 0.108333
0 0.787500 0.642708 0.034375 0.118750
0 0.922656 0.784375 0.048438 0.268750
0 0.912500 0.652083 0.059375 0.154167
0 0.942187 0.637500 0.034375 0.120833
0 0.973437 0.558333 0.053125 0.095833
0 0.853906 0.767708 0.054688 0.185417
0 0.857812 0.643750 0.034375 0.104167
0 0.883594 0.611458 0.029687 0.081250
0 0.972656 0.642708 0.054688 0.139583
0 0.874219 0.568750 0.026562 0.062500
0 0.654687 0.764583 0.065625 0.245833
0 0.643750 0.625000 0.037500 0.091667
0 0.244531 0.793750 0.039062 0.158333
0 0.208594 0.800000 0.029687 0.158333
0 0.181250 0.819792 0.034375 0.131250
0 0.159375 0.821875 0.037500 0.114583
0 0.052344 0.827083 0.076563 0.129167
