0 0.435156 0.778043 0.035937 0.138425
0 0.457813 0.818616 0.050000 0.152745
0 0.596875 0.853222 0.059375 0.159905
0 0.653906 0.910501 0.048438 0.155131
0 0.818750 0.562053 0.018750 0.093079
0 0.359375 0.757757 0.028125 0.131265
0 0.453125 0.692124 0.021875 0.128878
0 0.639844 0.766110 0.029687 0.047733
0 0.682813 0.751790 0.043750 0.076372
0 0.753125 0.532220 0.025000 0.090692
0 0.690625 0.881862 0.031250 0.145585
0 0.839844 0.505967 0.010937 0.090692
0 0.072656 0.893795 0.076563 0.207637
0 0.876563 0.515513 0.034375 0.114558
