0 0.070312 0.672917 0.137500 0.454167
0 0.133594 0.592708 0.070312 0.231250
0 0.217188 0.466667 0.018750 0.029167
0 0.369531 0.759375 0.070312 0.439583
0 0.455469 0.741667 0.167187 0.495833
0 0.446875 0.476042 0.028125 0.052083
0 0.601562 0.467708 0.021875 0.039583
0 0.892969 0.672917 0.154688 0.395833
0 0.132031 0.483333 0.079687 0.204167
0 0.955469 0.725000 0.089063 0.391667
1 0.814063 0.229167 0.084375 0.116667
0 0.103125 0.629167 0.075000 0.266667
0 0.263281 0.597917 0.067187 0.212500
0 0.260937 0.804167 0.150000 0.391667
0 0.321094 0.746875 0.082812 0.427083
0 0.049219 0.906250 0.095312 0.187500
0 0.780469 0.706250 0.089063 0.229167
0 0.835938 0.615625 0.075000 0.239583
0 0.718750 0.637500 0.034375 0.162500
0 0.767188 0.588542 0.062500 0.152083
0 0.532031 0.690625 0.051562 0.160417
0 0.405469 0.485417 0.048438 0.100000
0 0.303906 0.519792 0.029687 0.077083
0 0.360938 0.569792 0.059375 0.143750
0 0.196094 0.501042 0.064062 0.193750
0 0.648438 0.544792 0.075000 0.172917
0 0.550781 0.634375 0.045312 0.156250
0 0.500000 0.581250 0.046875 0.145833
0 0.492969 0.526042 0.048438 0.093750
0 0.556250 0.567708 0.078125 0.164583
0 0.582812 0.529167 0.043750 0.129167
0 0.508594 0.430208 0.042188 0.110417
0 0.307031 0.459375 0.039062 0.064583
0 0.903125 0.454167 0.056250 0.087500
0 0.774219 0.501042 0.082812 0.097917
0 0.690625 0.406250 0.037500 0.116667
0 0.753906 0.426042 0.048438 0.072917
0 0.638281 0.438542 0.051562 0.081250
