3 0.253425 0.546272 0.133562 0.197943
0 0.525685 0.709512 0.178082 0.580977
0 0.741438 0.742931 0.191781 0.514139
0 0.914384 0.718509 0.140411 0.562982
0 0.782534 0.616967 0.099315 0.380463
0 0.622432 0.753213 0.094178 0.488432
0 0.422945 0.610540 0.071918 0.300771
0 0.654110 0.562982 0.037671 0.195373
0 0.869863 0.575835 0.058219 0.179949
0 0.980308 0.696658 0.039384 0.442159
0 0.374144 0.559126 0.035959 0.182519
0 0.089897 0.591260 0.056507 0.190231
0 0.023116 0.589974 0.042808 0.197943
0 0.136986 0.568123 0.023973 0.179949
