0 0.124380 0.518519 0.019097 0.066138
0 0.070561 0.513889 0.016121 0.045635
0 0.045883 0.515377 0.011409 0.043981
0 0.637153 0.520337 0.016865 0.035384
0 0.609995 0.537037 0.021081 0.042328
0 0.659102 0.521991 0.007688 0.041997
0 0.702257 0.553075 0.028026 0.072421
0 0.770709 0.532407 0.021081 0.074074
0 0.803199 0.535218 0.031498 0.106812
0 0.830853 0.529101 0.025794 0.107143
0 0.851935 0.530919 0.027282 0.107474
0 0.876488 0.526124 0.030258 0.121693
0 0.917659 0.538856 0.038194 0.133929
0 0.887525 0.550265 0.031498 0.083333
3 0.624752 0.506283 0.015377 0.020503
