2 0.415556 0.163690 0.244444 0.145833
0 0.717778 0.958333 0.022222 0.050595
0 0.942222 0.936756 0.031111 0.034226
0 0.906667 0.935268 0.031111 0.037202
0 0.694444 0.956845 0.028889 0.044643
0 0.591111 0.960565 0.022222 0.040179
0 0.533333 0.965030 0.031111 0.046131
0 0.423333 0.965030 0.024444 0.040179
0 0.393333 0.968750 0.026667 0.041667
0 0.378889 0.965030 0.020000 0.040179
0 0.191111 0.962798 0.017778 0.017857
0 0.160000 0.970982 0.022222 0.034226
0 0.180000 0.963542 0.013333 0.022321
0 0.041111 0.973958 0.020000 0.028274
0 0.062222 0.971726 0.017778 0.020833
