0 0.607843 0.393137 0.109804 0.284314
0 0.053922 0.462745 0.025490 0.090196
0 0.036275 0.463725 0.045098 0.092157
0 0.150980 0.491176 0.039216 0.072549
0 0.105882 0.485294 0.039216 0.052941
0 0.158824 0.459804 0.039216 0.064706
0 0.198039 0.453922 0.035294 0.072549
0 0.216667 0.449020 0.021569 0.058824
0 0.241176 0.449020 0.019608 0.062745
0 0.498039 0.481373 0.039216 0.052941
0 0.909804 0.451961 0.054902 0.127451
0 0.876471 0.463725 0.023529 0.072549
0 0.979412 0.486275 0.041176 0.062745
0 0.846078 0.462745 0.049020 0.078431
0 0.798039 0.458824 0.039216 0.082353
0 0.758824 0.477451 0.039216 0.056863
0 0.719608 0.478431 0.035294 0.058824
0 0.693137 0.452941 0.045098 0.109804
0 0.723529 0.441176 0.039216 0.066667
0 0.763725 0.450980 0.029412 0.066667
