0 0.842122 0.737558 0.116970 0.369213
0 0.848307 0.587963 0.032552 0.085648
0 0.959744 0.548322 0.034939 0.113426
0 0.734809 0.698640 0.109375 0.445312
0 0.678494 0.576244 0.031901 0.095775
0 0.378472 0.618490 0.034288 0.106771
0 0.407227 0.612413 0.031901 0.112558
0 0.313368 0.599537 0.036024 0.091435
0 0.444770 0.591725 0.023220 0.071181
0 0.469835 0.594039 0.025174 0.082176
0 0.494032 0.586227 0.026693 0.078125
0 0.518663 0.593461 0.020833 0.085648
0 0.529948 0.573351 0.013455 0.078993
0 0.622179 0.558449 0.010851 0.044560
0 0.606228 0.561198 0.015842 0.045428
