0 0.095121 0.843750 0.033991 0.126096
0 0.114583 0.843202 0.023026 0.100877
0 0.170641 0.872076 0.103893 0.255848
0 0.257401 0.847039 0.106360 0.305921
0 0.355400 0.892544 0.089638 0.208333
0 0.412829 0.871345 0.114583 0.228070
0 0.446820 0.811586 0.044956 0.134868
0 0.517544 0.821455 0.054825 0.170687
0 0.318942 0.832602 0.026590 0.139620
0 0.583059 0.825475 0.041667 0.202851
0 0.624178 0.815424 0.059211 0.193713
0 0.644052 0.813231 0.044134 0.191520
0 0.673109 0.812135 0.057292 0.189327
0 0.859649 0.838085 0.101425 0.230263
0 0.876782 0.815424 0.097314 0.247076
0 0.913788 0.826023 0.084704 0.124269
0 0.973821 0.854349 0.052357 0.153874
