0 0.272341 0.805007 0.081414 0.389985
0 0.346354 0.827120 0.083059 0.345760
0 0.448602 0.699196 0.033169 0.114035
0 0.481771 0.693713 0.028235 0.103070
0 0.513706 0.694262 0.030702 0.099781
0 0.580044 0.694810 0.024123 0.089912
0 0.601700 0.685307 0.029057 0.090643
0 0.596765 0.689145 0.032346 0.078582
0 0.617599 0.675439 0.025768 0.086257
0 0.191338 0.695358 0.027412 0.128289
0 0.177769 0.693713 0.020011 0.122807
0 0.155702 0.695175 0.035636 0.079678
0 0.111705 0.693713 0.039200 0.116228
0 0.219709 0.673794 0.010691 0.058845
0 0.236294 0.668860 0.020833 0.068713
0 0.256579 0.649306 0.016447 0.045687
