0 0.079167 0.563704 0.128333 0.597037
0 0.016667 0.467407 0.031667 0.466667
0 0.191250 0.559259 0.109167 0.617778
0 0.293333 0.593333 0.126667 0.662222
0 0.326250 0.345185 0.025833 0.071111
0 0.362917 0.570370 0.079167 0.619259
0 0.435000 0.602963 0.136667 0.672593
0 0.498333 0.577037 0.108333 0.614815
0 0.641250 0.579259 0.139167 0.678519
0 0.797500 0.602963 0.111667 0.666667
0 0.912500 0.634815 0.133333 0.709630
0 0.928333 0.331111 0.098333 0.200000
0 0.859167 0.565185 0.076667 0.626667
0 0.311250 0.277037 0.047500 0.097778
0 0.345833 0.120741 0.050000 0.223704
0 0.398750 0.131111 0.042500 0.229630
0 0.532917 0.235556 0.057500 0.305185
0 0.574167 0.243704 0.046667 0.297778
0 0.615833 0.166667 0.063333 0.179259
0 0.490417 0.197037 0.059167 0.248889
0 0.443750 0.155556 0.042500 0.216296
0 0.476667 0.100741 0.028333 0.160000
