0 0.326260 0.633929 0.265252 0.596429
0 0.554377 0.501786 0.286472 0.789286
0 0.789125 0.466071 0.167109 0.717857
0 0.974801 0.451786 0.050398 0.396429
0 0.948276 0.382143 0.103448 0.492857
0 0.885942 0.358929 0.100796 0.467857
0 0.740053 0.380357 0.079576 0.425000
0 0.675066 0.389286 0.098143 0.435714
0 0.725464 0.342857 0.061008 0.407143
0 0.614058 0.357143 0.092838 0.478571
0 0.419098 0.355357 0.100796 0.353571
0 0.290451 0.262500 0.108753 0.310714
0 0.183024 0.373214 0.143236 0.646429
0 0.072944 0.357143 0.082228 0.464286
