0 0.200928 0.539307 0.031738 0.082520
0 0.104248 0.559570 0.033691 0.085938
0 0.064697 0.551025 0.043457 0.094238
2 0.811035 0.423584 0.013672 0.013184
0 0.973145 0.502686 0.019531 0.032715
0 0.985107 0.494629 0.016113 0.032227
0 0.946533 0.497314 0.012207 0.022949
0 0.934814 0.501221 0.010254 0.028809
0 0.915527 0.491211 0.015625 0.025391
0 0.897949 0.494141 0.012695 0.029297
0 0.849121 0.489746 0.020508 0.021484
0 0.758545 0.488281 0.021973 0.024414
0 0.707520 0.484863 0.048828 0.027344
0 0.586182 0.489502 0.009277 0.021973
0 0.309814 0.504883 0.013184 0.035156
