0 0.153564 0.552734 0.032715 0.061523
0 0.239502 0.553955 0.033691 0.060059
0 0.045654 0.520020 0.014160 0.023438
0 0.010010 0.518555 0.019043 0.024414
0 0.026367 0.517334 0.018555 0.024902
0 0.103760 0.513184 0.006348 0.018555
0 0.088623 0.510010 0.009277 0.018066
0 0.160156 0.510986 0.013672 0.021973
0 0.181152 0.508789 0.022461 0.026367
0 0.212646 0.503906 0.024902 0.017578
0 0.539307 0.502441 0.012207 0.020508
0 0.677734 0.499023 0.010742 0.021484
0 0.930176 0.530029 0.030273 0.042480
0 0.978760 0.509521 0.019043 0.038574
0 0.652588 0.499512 0.008301 0.016602
2 0.643799 0.389648 0.023926 0.025391
