0 0.307861 0.664307 0.064941 0.167480
0 0.290771 0.572998 0.033691 0.093262
0 0.374023 0.556396 0.049805 0.098145
0 0.671875 0.596436 0.046875 0.118652
0 0.978760 0.592773 0.042480 0.147461
0 0.665283 0.517334 0.022949 0.044434
0 0.598633 0.529297 0.028320 0.050781
0 0.574707 0.519043 0.021484 0.047852
0 0.622559 0.515137 0.017578 0.040039
0 0.640869 0.508057 0.021973 0.043457
0 0.525146 0.512451 0.014160 0.036621
0 0.496094 0.506592 0.016602 0.033691
0 0.892578 0.549805 0.039062 0.079102
3 0.350586 0.443115 0.048828 0.043457
