0 0.296023 0.631756 0.114203 0.414426
0 0.660430 0.605855 0.076641 0.326557
0 0.919367 0.569192 0.050359 0.204098
0 0.562188 0.533876 0.049250 0.152998
0 0.519930 0.552131 0.044422 0.160609
0 0.472586 0.546171 0.043578 0.180164
0 0.854797 0.607459 0.028906 0.107377
0 0.802352 0.681054 0.088609 0.244309
0 0.094055 0.654532 0.079547 0.370562
0 0.190570 0.530867 0.037578 0.192412
0 0.074453 0.488361 0.025750 0.116393
1 0.792570 0.443232 0.021516 0.034145
1 0.205648 0.287681 0.012172 0.078033
0 0.739594 0.676581 0.145063 0.235129
0 0.886484 0.674930 0.081063 0.239555
0 0.437500 0.608899 0.871875 0.435597
