1 0.864969 0.368538 0.172687 0.274151
0 0.487773 0.484092 0.029578 0.140354
0 0.523937 0.526156 0.019750 0.079198
0 0.487289 0.504552 0.260172 0.146226
0 0.357883 0.372111 0.048609 0.127146
0 0.392758 0.353974 0.022984 0.067901
0 0.327172 0.391639 0.014875 0.103797
0 0.344508 0.246675 0.022641 0.087877
0 0.058062 0.605059 0.062531 0.166297
0 0.211156 0.246745 0.014906 0.088019
0 0.120539 0.377983 0.024359 0.093373
0 0.149922 0.600248 0.053031 0.062288
0 0.271273 0.373172 0.021516 0.066439
0 0.788734 0.505177 0.029313 0.094269
