0 0.342523 0.651947 0.090766 0.383282
0 0.412914 0.661310 0.072891 0.347863
0 0.050250 0.695445 0.092250 0.540356
0 0.157344 0.545051 0.040313 0.196412
0 0.407156 0.437748 0.017625 0.082774
0 0.132969 0.596959 0.051125 0.272341
0 0.189594 0.543308 0.034656 0.191247
0 0.080922 0.563295 0.044000 0.210560
0 0.554898 0.478155 0.035328 0.110509
0 0.765984 0.482799 0.023531 0.135267
0 0.819156 0.471069 0.033594 0.134656
0 0.225414 0.490992 0.027516 0.110382
0 0.252500 0.484822 0.023187 0.102672
1 0.973953 0.449746 0.051562 0.081832
0 0.503906 0.465649 0.826562 0.183206
