0 0.746016 0.680135 0.047688 0.262146
0 0.902852 0.637229 0.050359 0.198708
0 0.966242 0.747396 0.067516 0.404958
0 0.088234 0.609698 0.012719 0.064979
0 0.133984 0.619604 0.022094 0.070833
0 0.078648 0.628365 0.020484 0.090896
0 0.964977 0.566052 0.044609 0.113562
0 0.941867 0.622656 0.045234 0.143771
0 0.805102 0.679125 0.028609 0.255292
0 0.002859 0.622906 0.005719 0.080479
0 0.778969 0.628562 0.023938 0.225333
0 0.990180 0.526208 0.019641 0.034708
0 0.728508 0.592260 0.010047 0.020313
1 0.813094 0.266021 0.036844 0.061875
0 0.019531 0.621875 0.032813 0.089583
