0 0.340695 0.697944 0.051172 0.198925
0 0.284883 0.662114 0.028297 0.116706
0 0.255977 0.675736 0.039297 0.116846
0 0.516750 0.678657 0.032250 0.148201
0 0.483375 0.688785 0.033937 0.137477
0 0.452602 0.677582 0.032891 0.124042
0 0.774055 0.685713 0.036203 0.129089
0 0.827062 0.703178 0.057188 0.233131
0 0.622750 0.663189 0.027156 0.121799
0 0.646383 0.673096 0.034703 0.136051
0 0.186836 0.674650 0.031734 0.125841
0 0.668086 0.653762 0.018359 0.094720
1 0.731320 0.428832 0.027641 0.040467
0 0.471875 0.747664 0.815625 0.355140
