0 0.746258 0.775292 0.166516 0.449417
0 0.127648 0.846771 0.091109 0.306458
0 0.818469 0.622625 0.070781 0.108625
0 0.787758 0.642760 0.034109 0.118604
0 0.922102 0.784125 0.048109 0.269708
0 0.912242 0.651625 0.058547 0.153000
0 0.942094 0.637417 0.035344 0.120667
0 0.973266 0.558198 0.053469 0.097438
0 0.854383 0.767406 0.054203 0.185854
0 0.857789 0.642760 0.034672 0.104229
0 0.884227 0.611187 0.029672 0.081333
0 0.972242 0.642385 0.054766 0.140437
0 0.874570 0.569333 0.026953 0.062500
1 0.139281 0.648938 0.022906 0.049542
0 0.432812 0.759375 0.865625 0.356250
