0 0.806375 0.739865 0.060281 0.199646
0 0.454812 0.415521 0.018937 0.034667
0 0.549703 0.462812 0.015563 0.027667
0 0.530961 0.463469 0.015828 0.025979
0 0.546617 0.518771 0.014203 0.027458
0 0.465359 0.532229 0.018937 0.029458
0 0.414148 0.517896 0.024234 0.049417
1 0.843445 0.372937 0.053328 0.079208
0 0.679602 0.535219 0.027016 0.048688
0 0.310250 0.510687 0.017625 0.044833
0 0.508773 0.540531 0.017391 0.030646
0 0.432344 0.413760 0.008844 0.029062
0 0.564531 0.520021 0.016844 0.026708
0 0.088281 0.431250 0.176563 0.062500
