0 0.618984 0.743349 0.015344 0.054623
0 0.096125 0.798219 0.052281 0.185637
0 0.216078 0.790106 0.048969 0.174599
0 0.285758 0.813113 0.071922 0.255283
0 0.337281 0.771580 0.029156 0.121274
0 0.374750 0.765377 0.030187 0.130708
0 0.390492 0.740448 0.012828 0.068396
0 0.165734 0.794976 0.037406 0.167264
0 0.407813 0.782559 0.040813 0.152948
0 0.353961 0.761887 0.020359 0.100755
0 0.033180 0.828219 0.066359 0.270731
0 0.312445 0.763314 0.023234 0.117759
0 0.264750 0.740932 0.023000 0.087618
1 0.833969 0.587229 0.012969 0.028986
0 0.320312 0.764151 0.015625 0.103774
