0 0.843556 0.219766 0.087300 0.120156
0 0.923063 0.206859 0.068474 0.077094
0 0.979296 0.197844 0.038826 0.031187
0 0.716115 0.156484 0.057394 0.030625
0 0.792394 0.171219 0.040047 0.051781
0 0.619847 0.149875 0.043545 0.065906
0 0.396385 0.121633 0.052441 0.076641
0 0.079918 0.121906 0.101056 0.223156
0 0.968169 0.189453 0.031972 0.037906
1 0.835739 0.121281 0.035704 0.037469
0 0.821127 0.183219 0.041362 0.061750
0 0.209542 0.137711 0.153685 0.173359
0 0.511796 0.127828 0.069742 0.054219
0 0.449531 0.140625 0.645540 0.178125
