0 0.435383 0.778174 0.036797 0.136348
0 0.457195 0.819272 0.049922 0.152864
0 0.596313 0.853747 0.059313 0.160621
0 0.653953 0.910871 0.048562 0.155060
0 0.819203 0.562852 0.018313 0.093055
0 0.359273 0.758365 0.027766 0.130621
0 0.453555 0.692601 0.021547 0.128544
1 0.177984 0.723890 0.034625 0.063866
1 0.275562 0.656957 0.026969 0.060692
0 0.640227 0.765656 0.029328 0.046444
0 0.682289 0.751253 0.043891 0.075823
0 0.753016 0.532912 0.024094 0.090979
0 0.691305 0.882148 0.031328 0.144726
0 0.840078 0.506002 0.011469 0.092864
0 0.469531 0.698091 0.845313 0.470167
