0 0.429508 0.747584 0.102078 0.356086
0 0.312664 0.587523 0.053328 0.298165
0 0.116992 0.795795 0.090953 0.408287
0 0.481773 0.659664 0.083953 0.254312
0 0.668273 0.557003 0.040828 0.239694
0 0.646656 0.617722 0.031594 0.136116
0 0.707273 0.614602 0.034453 0.137095
0 0.306320 0.453394 0.050047 0.145749
0 0.167148 0.672569 0.036141 0.104404
0 0.701102 0.505428 0.031828 0.141009
0 0.390117 0.591284 0.042766 0.129786
0 0.524875 0.567141 0.036187 0.218257
0 0.347984 0.744373 0.053812 0.162752
1 0.819594 0.345673 0.040938 0.083639
0 0.451562 0.571865 0.903125 0.330275
