0 0.882797 0.547236 0.045781 0.162381
0 0.419477 0.556263 0.061922 0.173934
0 0.617531 0.477050 0.020406 0.043499
0 0.646898 0.553395 0.072609 0.184224
0 0.736898 0.550373 0.074203 0.176812
0 0.675930 0.526946 0.043766 0.123789
0 0.246766 0.542578 0.061094 0.142298
0 0.347914 0.533468 0.034641 0.132774
0 0.380914 0.539700 0.038984 0.131159
0 0.584633 0.475559 0.023109 0.043540
0 0.116961 0.590280 0.059797 0.190704
0 0.442195 0.530983 0.037734 0.143168
0 0.324109 0.566542 0.082250 0.174161
1 0.053164 0.379224 0.060828 0.088137
0 0.536719 0.493789 0.520312 0.097308
