0 0.070039 0.673312 0.138828 0.455333
0 0.133703 0.592052 0.071500 0.230729
0 0.217641 0.466958 0.018125 0.030583
0 0.369023 0.759469 0.070328 0.439479
0 0.455898 0.741573 0.166859 0.494396
0 0.446555 0.475906 0.027297 0.050521
0 0.601875 0.467865 0.021375 0.040729
0 0.893188 0.672937 0.154969 0.395708
0 0.131922 0.483260 0.080344 0.205854
0 0.955562 0.724458 0.088875 0.392417
1 0.813625 0.229375 0.083906 0.116417
0 0.102695 0.629240 0.074703 0.268271
0 0.262703 0.597854 0.067187 0.212875
0 0.329969 0.483615 0.027312 0.038729
1 0.613578 0.281021 0.035719 0.096375
0 0.500000 0.673958 0.996875 0.647917
