1 0.931250 0.223529 0.137500 0.174118
0 0.166406 0.668235 0.154688 0.611765
0 0.473438 0.451765 0.062500 0.084706
0 0.239844 0.516471 0.048438 0.247059
0 0.050000 0.521176 0.031250 0.204706
0 0.293750 0.534118 0.046875 0.254118
0 0.026562 0.434118 0.034375 0.077647
0 0.016406 0.556471 0.029687 0.280000
0 0.254688 0.428235 0.018750 0.032941
0 0.692969 0.550588 0.135937 0.362353
0 0.805469 0.541176 0.079687 0.352941
0 0.080469 0.541176 0.064062 0.315294
0 0.877344 0.518824 0.114062 0.454118
0 0.585156 0.444706 0.048438 0.108235
