1 0.528125 0.106557 0.112500 0.170960
0 0.539844 0.484778 0.014063 0.084309
0 0.637500 0.531616 0.071875 0.290398
0 0.331250 0.555035 0.050000 0.337237
0 0.115625 0.672131 0.162500 0.622951
0 0.275781 0.552693 0.076563 0.402810
0 0.224219 0.539813 0.045312 0.213115
0 0.782813 0.483607 0.043750 0.124122
0 0.732812 0.488290 0.021875 0.119438
0 0.048438 0.565574 0.090625 0.400468
0 0.596875 0.558548 0.081250 0.306792
0 0.703125 0.485948 0.021875 0.096019
0 0.445312 0.627635 0.221875 0.697892
0 0.828906 0.469555 0.014063 0.072600
0 0.946875 0.466042 0.021875 0.079625
0 0.877344 0.459016 0.023438 0.103044
0 0.851562 0.466042 0.021875 0.079625
0 0.980469 0.471897 0.023438 0.081967
0 0.928906 0.463700 0.023438 0.093677
0 0.906250 0.457845 0.018750 0.091335
0 0.894531 0.462529 0.020313 0.096019
0 0.752344 0.474239 0.023438 0.105386
0 0.678906 0.485948 0.026562 0.100703
0 0.359375 0.490632 0.028125 0.096019
0 0.177344 0.528103 0.048438 0.213115
