0 0.746094 0.680208 0.048438 0.260417
0 0.903125 0.637500 0.050000 0.200000
0 0.966406 0.747917 0.067187 0.404167
0 0.088281 0.609375 0.014063 0.064583
0 0.134375 0.618750 0.021875 0.070833
0 0.078906 0.628125 0.020313 0.089583
0 0.964844 0.565625 0.045312 0.114583
0 0.941406 0.621875 0.045312 0.143750
0 0.804688 0.679167 0.028125 0.254167
0 0.003906 0.622917 0.004687 0.079167
0 0.778906 0.629167 0.023438 0.225000
0 0.989844 0.526042 0.020313 0.035417
0 0.728125 0.591667 0.009375 0.020833
0 0.019531 0.621875 0.032813 0.089583
