0 0.340625 0.697430 0.050000 0.198598
0 0.284375 0.661215 0.028125 0.116822
0 0.255469 0.675234 0.039062 0.116822
0 0.516406 0.678738 0.032813 0.147196
0 0.483594 0.688084 0.032813 0.137850
0 0.452344 0.677570 0.032813 0.126168
0 0.774219 0.685748 0.035937 0.128505
0 0.827344 0.703271 0.057813 0.233645
0 0.622656 0.663551 0.026562 0.121495
0 0.646875 0.672897 0.034375 0.135514
0 0.186719 0.675234 0.032813 0.126168
0 0.667969 0.654206 0.017188 0.093458
0 0.557031 0.745327 0.079687 0.336449
0 0.220312 0.662383 0.028125 0.128505
0 0.158594 0.656542 0.035937 0.121495
0 0.310156 0.683411 0.045312 0.133178
