0 0.971094 0.765000 0.054688 0.395000
0 0.904687 0.758750 0.059375 0.387500
0 0.877344 0.587500 0.026562 0.075000
0 0.769531 0.750000 0.120313 0.205000
0 0.821094 0.590000 0.045312 0.100000
0 0.378906 0.525000 0.020313 0.080000
0 0.844531 0.735000 0.073438 0.300000
0 0.498437 0.261250 0.078125 0.072500
0 0.942187 0.575000 0.040625 0.105000
0 0.847656 0.562500 0.017188 0.050000
0 0.932031 0.731250 0.054688 0.382500
0 0.168750 0.572500 0.025000 0.070000
0 0.144531 0.558750 0.023438 0.047500
0 0.121094 0.558750 0.023438 0.037500
0 0.027344 0.605000 0.029687 0.085000
