0 0.173958 0.587500 0.097917 0.193750
0 0.312500 0.545312 0.062500 0.131250
0 0.357292 0.528125 0.056250 0.118750
0 0.284375 0.522656 0.018750 0.057813
0 0.219792 0.446094 0.027083 0.051562
0 0.263542 0.462500 0.035417 0.084375
0 0.254167 0.571875 0.050000 0.106250
0 0.880208 0.460156 0.022917 0.057813
0 0.128125 0.461719 0.052083 0.085938
0 0.217708 0.520312 0.047917 0.090625
0 0.158333 0.474219 0.033333 0.039062
0 0.815625 0.450000 0.027083 0.050000
1 0.728125 0.483594 0.035417 0.035937
0 0.134375 0.521094 0.047917 0.054688
0 0.979167 0.476562 0.041667 0.075000
