0 0.610156 0.428125 0.226562 0.502083
0 0.907031 0.621875 0.123438 0.202083
0 0.780469 0.419792 0.079687 0.206250
0 0.910937 0.436458 0.100000 0.264583
0 0.225781 0.488542 0.048438 0.097917
0 0.162500 0.516667 0.053125 0.062500
0 0.082812 0.500000 0.062500 0.104167
0 0.276562 0.470833 0.065625 0.104167
0 0.451562 0.469792 0.034375 0.064583
0 0.835938 0.413542 0.043750 0.147917
0 0.364844 0.477083 0.023438 0.083333
1 0.076563 0.388542 0.053125 0.072917
0 0.042969 0.517708 0.051562 0.102083
0 0.017969 0.534375 0.032813 0.064583
