1 0.519833 0.400000 0.075157 0.056250
0 0.185804 0.800781 0.367432 0.398438
0 0.375783 0.817187 0.246347 0.365625
0 0.782881 0.753906 0.154489 0.289062
0 0.544885 0.650781 0.058455 0.064062
0 0.251566 0.673438 0.106472 0.165625
0 0.505219 0.719531 0.096033 0.257812
0 0.464509 0.714844 0.118998 0.220312
0 0.882046 0.738281 0.085595 0.257812
0 0.608559 0.757812 0.156576 0.284375
0 0.964509 0.771094 0.070981 0.273438
0 0.706681 0.735938 0.085595 0.262500
0 0.052192 0.670312 0.096033 0.143750
0 0.053236 0.777344 0.102296 0.145313
