0 0.498553 0.724501 0.231481 0.495877
0 0.891782 0.671332 0.216435 0.270182
0 0.944155 0.557943 0.083912 0.138889
0 0.721354 0.646376 0.081019 0.163845
0 0.840712 0.646918 0.117188 0.186632
0 0.572338 0.648546 0.078125 0.192057
0 0.626591 0.637695 0.036169 0.074870
0 0.601997 0.636610 0.039062 0.079210
0 0.407407 0.646376 0.034722 0.105252
0 0.378472 0.645833 0.046296 0.101997
0 0.348090 0.634983 0.020255 0.049913
0 0.263455 0.644748 0.027488 0.065104
0 0.150608 0.655599 0.050637 0.141059
0 0.061632 0.668620 0.066551 0.134549
