0 0.104167 0.860928 0.080592 0.278143
0 0.053865 0.834795 0.033169 0.081871
0 0.225466 0.866959 0.075384 0.266082
0 0.160225 0.872990 0.018366 0.082968
0 0.185581 0.851425 0.029057 0.097588
0 0.291118 0.850512 0.045504 0.150585
0 0.324698 0.854349 0.039748 0.145102
0 0.356634 0.904788 0.080592 0.188231
0 0.412281 0.881213 0.088816 0.219298
0 0.361294 0.816703 0.033443 0.076389
0 0.424890 0.796053 0.025768 0.053363
0 0.579770 0.841009 0.036732 0.193713
0 0.617873 0.846491 0.048246 0.213450
0 0.646930 0.846491 0.049890 0.204678
0 0.718065 0.845943 0.058936 0.205775
0 0.933936 0.870797 0.075658 0.240132
0 0.949424 0.843202 0.096217 0.266813
0 0.885828 0.862573 0.060581 0.161550
