0 0.083077 0.311776 0.107692 0.372587
0 0.240769 0.307915 0.127692 0.361004
0 0.385385 0.297297 0.106154 0.374517
0 0.516923 0.304054 0.138462 0.368726
0 0.685385 0.309846 0.130769 0.361004
0 0.920000 0.309846 0.113846 0.372587
0 0.954615 0.297297 0.038462 0.185328
0 0.988462 0.311776 0.023077 0.164093
0 0.888462 0.289575 0.044615 0.131274
0 0.455385 0.271236 0.043077 0.094595
0 0.184615 0.281853 0.040000 0.123552
0 0.159231 0.280888 0.035385 0.086873
0 0.134615 0.281853 0.029231 0.158301
0 0.109231 0.287645 0.027692 0.154440
0 0.026923 0.284749 0.044615 0.171815
